10

8 8

0.015625 0.015625 0.015625 0.015625 0.015625 0.015625 0.015625 0.015625
0.015625 0.015625 0.015625 0.015625 0.015625 0.015625 0.015625 0.015625
0.015625 0.015625 0.015625 0.015625 0.015625 0.015625 0.015625 0.015625
0.015625 0.015625 0.015625 0.015625 0.015625 0.015625 0.015625 0.015625
0.015625 0.015625 0.015625 0.015625 0.015625 0.015625 0.015625 0.015625
0.015625 0.015625 0.015625 0.015625 0.015625 0.015625 0.015625 0.015625
0.015625 0.015625 0.015625 0.015625 0.015625 0.015625 0.015625 0.015625
0.015625 0.015625 0.015625 0.015625 0.015625 0.015625 0.015625 0.015625

4 4